GDI minigunner:

from Mix Editor:

b29550  897138
(178 149 80)  (137 113 56)
[44 37 20]    [34 28 15]

897138  614c24
(137 113 56)  (97 76 36)
              [24 19 9]

debe69  c6aa5d  897138
(222 190 105) (198 170 93) (137 113 56)


from rendered in mike-and-conquer
bb9955  887733
(187 153 85)  (136 119 51)
887733  664422
(136 119 51) (102 68 34)
ddbb66  ccaa55  887733
(221 187 102) (204 170 85)  (136 119 51)



from actual game screenshot

b09450  887038
(176 148 80) (136 112 56)
887038  604c24
(136 112 56) (96 76 36)
dcbc68  c4a85c  887038
(220 188 104) (196 168 92)  (96 76 36)
